Energy consumption of all sensors of type 0 in Wh: 2.356164383561644
Energy consumption of all sensors of type 1 in Wh: 1.4136986301369863
Average energy consumption of rooms in Wh: 14450.59133630951
Average energy consumption of sub rooms in Wh: 1904.9792953549388

Energy consumption per room in Wh: 
	RwD1: 13636.503975000001
	RwnD1: 15292.941441666666
	RwnD2: 13918.00286666666
	RwnD3: 9847.916666666666
	RwnD4: 15240.879674999986
	RwnD5: 15699.020466666669
	RwnD6: 14180.18534166666
	RwnD7: 15366.656783333348
	RwnD8: 15450.364558333333
	RwnD9: 14383.188724999989
	RwnD10: 15448.988266666656
	RwnD11: 14538.087391666659
	RwD0: 14356.123025000008
	RwnD0: 14949.419525000008

Energy consumption per sub room in Wh: 
	RwnD1_RwD1_sub: 3490.121934444445
	RwnD0_RwD5_sub: 4298.191403333333
	RwnD11_RwD6_sub: 101.36613277777776
	RwnD6_RwD2_sub: 3810.616642777778
	RwnD10_RwD9_sub: 224.2438372222222
	RwD0_RwD1_sub: 3105.277015555556
	RwnD7_RwD5_sub: 4496.282637777778
	RwnD9_RwD1_sub: 281.2015772222222
	RwnD0_RwD6_sub: 63.325398888888884
	RwnD10_RwD1_sub: 4226.724351111111
	RwnD1_RwD2_sub: 3528.2227788888895
	RwnD5_RwD3_sub: 3681.375565
	RwnD11_RwD3_sub: 297.87633555555556
	RwnD0_RwD7_sub: 3666.0781616666663
	RwD1_RwD0_sub: 501.84340499999996
	RwnD10_RwD6_sub: 223.70419555555554
	RwnD7_RwD0_sub: 4314.438621111111
	RwnD1_RwD3_sub: 201.61148
	RwnD5_RwD4_sub: 3896.074003888889
	RwnD8_RwD0_sub: 3849.6949322222217
	RwnD0_RwD8_sub: 4010.6561133333335
	RwnD11_RwD7_sub: 362.65137999999996
	RwnD9_RwD2_sub: 3977.3072733333324
	RwnD10_RwD2_sub: 188.1607
	RwnD11_RwD0_sub: 290.3404116666667
	RwnD1_RwD4_sub: 201.6154272222222
	RwD0_RwD2_sub: 178.4619238888889
	RwnD0_RwD9_sub: 3278.6349555555557
	RwnD5_RwD5_sub: 486.66971888888895
	RwnD7_RwD1_sub: 3381.371563888889
	RwnD8_RwD1_sub: 0
	RwnD1_RwD5_sub: 251.47301666666667
	RwnD11_RwD4_sub: 70.96868722222221
	RwnD0_RwD10_sub: 379.77397888888896
	RwnD10_RwD7_sub: 0
	RwnD9_RwD3_sub: 295.35236888888886
	RwD1_RwD1_sub: 51.179796111111116
	RwnD10_RwD3_sub: 489.90666666666675
	RwnD5_RwD6_sub: 48.934165
	RwnD11_RwD8_sub: 321.92145999999997
	RwnD0_RwD11_sub: 3437.0870566666663
	RwnD7_RwD2_sub: 184.4888811111111
	RwnD1_RwD6_sub: 4387.379227777778
	RwnD11_RwD1_sub: 4268.914405
	RwnD0_RwD0_sub: 4139.432321111111
	RwD0_RwD3_sub: 411.9935750000001
	RwnD8_RwD2_sub: 3261.2762000000002
	RwnD0_RwD12_sub: 135.30852222222222
	RwnD9_RwD4_sub: 3672.014558333333
	RwnD0_RwD1_sub: 244.90551555555558
	RwnD6_RwD0_sub: 3774.847366111111
	RwnD5_RwD0_sub: 0
	RwnD11_RwD5_sub: 4606.991958333331
	RwnD10_RwD4_sub: 4338.779223333333
	RwnD7_RwD3_sub: 3022.711615
	RwnD10_RwD8_sub: 396.2728038888889
	RwnD0_RwD2_sub: 179.8144677777778
	RwnD0_RwD13_sub: 4424.840509444445
	RwD0_RwD0_sub: 319.55323944444444
	RwnD5_RwD1_sub: 118.29689666666667
	RwnD0_RwD3_sub: 416.0443272222222
	RwnD9_RwD0_sub: 232.3912422222222
	RwnD6_RwD1_sub: 134.6828311111111
	RwnD1_RwD0_sub: 110.17949055555555
	RwnD11_RwD2_sub: 3840.930181666666
	RwnD10_RwD0_sub: 4309.147087777777
	RwD0_RwD4_sub: 241.74604611111116
	RwD1_RwD2_sub: 3369.973226666667
	RwnD7_RwD4_sub: 4167.440569444445
	RwnD0_RwD4_sub: 4005.6086311111108
	RwnD10_RwD5_sub: 4110.677822222222
	RwnD5_RwD2_sub: 371.12944944444445