Energy consumption of all sensors of type 0 in Wh: 2.356164383561644
Energy consumption of all sensors of type 1 in Wh: 1.4136986301369863
Average energy consumption of rooms in Wh: 14413.302048809528
Average energy consumption of sub rooms in Wh: 887.6966042129629

Energy consumption per room in Wh: 
	RwnD6: 13830.803491666671
	RwnD7: 15643.067141666688
	RwnD8: 14930.332933333335
	RwnD9: 14376.692483333325
	RwnD10: 15700.05552500001
	RwnD11: 14704.03481666667
	RwD0: 14209.23488333334
	RwnD0: 14935.591599999998
	RwD1: 14416.02325
	RwnD1: 15185.947150000002
	RwnD2: 13653.390191666667
	RwnD3: 9425
	RwnD4: 15248.648291666663
	RwnD5: 15527.406925

Energy consumption per sub room in Wh: 
	RwnD11_RwD1_sub: 0
	RwnD0_RwD9_sub: 794.6553416666667
	RwD1_RwD0_sub: 1466.0065661111112
	RwD0_RwD1_sub: 0
	RwnD0_RwD10_sub: 567.6486744444444
	RwnD1_RwD6_sub: 0
	RwnD9_RwD1_sub: 1510.2628216666667
	RwnD6_RwD0_sub: 0
	RwnD7_RwD4_sub: 1306.745397222222
	RwnD10_RwD7_sub: 0
	RwnD11_RwD6_sub: 0
	RwnD10_RwD2_sub: 0
	RwnD0_RwD11_sub: 1236.1624100000001
	RwnD5_RwD0_sub: 479.30555555555554
	RwnD11_RwD2_sub: 0
	RwnD6_RwD1_sub: 761.25
	RwnD9_RwD2_sub: 4220.068883333332
	RwnD0_RwD12_sub: 0
	RwnD7_RwD5_sub: 1125.3557622222222
	RwD1_RwD1_sub: 1014.7613622222223
	RwD0_RwD2_sub: 676.6666666666666
	RwnD10_RwD8_sub: 281.94444444444446
	RwnD5_RwD1_sub: 0
	RwnD0_RwD0_sub: 0
	RwnD10_RwD3_sub: 0
	RwnD0_RwD13_sub: 0
	RwnD11_RwD7_sub: 1247.8473155555555
	RwnD6_RwD2_sub: 1041.276883888889
	RwnD0_RwD1_sub: 1398.5626355555555
	RwnD8_RwD0_sub: 0
	RwnD9_RwD3_sub: 1016.1824750000001
	RwnD5_RwD2_sub: 648.4722222222223
	RwnD1_RwD0_sub: 0
	RwnD0_RwD2_sub: 4416.533185555556
	RwnD11_RwD3_sub: 1154.6672705555554
	RwnD7_RwD0_sub: 4362.129298333333
	RwnD10_RwD9_sub: 0
	RwnD0_RwD3_sub: 4657.850112222222
	RwnD10_RwD4_sub: 1640.1779722222223
	RwD1_RwD2_sub: 0
	RwD0_RwD3_sub: 24.51168611111111
	RwnD1_RwD1_sub: 1146.9546238888886
	RwnD5_RwD3_sub: 0
	RwnD8_RwD1_sub: 2090.7352316666666
	RwnD0_RwD4_sub: 4182.751167777777
	RwnD11_RwD8_sub: 0
	RwnD9_RwD4_sub: 0
	RwnD7_RwD1_sub: 4413.964220555556
	RwnD1_RwD2_sub: 0
	RwnD0_RwD5_sub: 0
	RwnD5_RwD4_sub: 1467.3641850000001
	RwnD11_RwD4_sub: 0
	RwnD10_RwD5_sub: 0
	RwnD11_RwD0_sub: 0
	RwnD8_RwD2_sub: 0
	RwnD0_RwD6_sub: 996.696505
	RwnD1_RwD3_sub: 0
	RwnD10_RwD0_sub: 0
	RwD0_RwD4_sub: 0
	RwnD7_RwD2_sub: 0
	RwnD5_RwD5_sub: 1193.2224966666665
	RwnD0_RwD7_sub: 3230.89522
	RwD0_RwD0_sub: 0
	RwnD1_RwD4_sub: 0
	RwnD9_RwD0_sub: 0
	RwnD0_RwD8_sub: 1099.3936411111113
	RwnD10_RwD6_sub: 1478.0585633333333
	RwnD11_RwD5_sub: 1406.89556
	RwnD5_RwD6_sub: 0
	RwnD7_RwD3_sub: 1149.0968377777779
	RwnD10_RwD1_sub: 1559.9124488888888
	RwnD1_RwD5_sub: 1449.1698588888892